Vertices: 24
Indices: 66
200.000000 80.000000
560.000000 80.000000
560.000000 300.000000
640.000000 300.000000
640.000000 80.000000
1000.000000 80.000000
1060.000000 140.000000
1060.000000 360.000000
700.000000 360.000000
700.000000 420.000000
1060.000000 420.000000
1060.000000 620.000000
1000.000000 680.000000
640.000000 680.000000
640.000000 480.000000
560.000000 480.000000
560.000000 680.000000
200.000000 680.000000
140.000000 620.000000
140.000000 420.000000
500.000000 420.000000
500.000000 360.000000
140.000000 360.000000
140.000000 140.000000
0
1
2
3
4
5
3
5
6
3
6
7
2
3
7
2
7
8
2
8
9
0
2
9
9
10
11
9
11
12
0
9
12
12
13
14
0
12
14
15
16
17
15
17
18
15
18
19
14
15
19
14
19
20
14
20
21
0
14
21
0
21
22
0
22
23
